<?xml version="1.0"?>
<opencv_storage>
<rotation_matrices type_id="opencv-matrix">
  <rows>10</rows>
  <cols>9</cols>
  <dt>f</dt>
  <data>
    -4.34686616e-003 0.98018283 -0.19804735 0.92740273 -0.07012738
    -0.36743212 -0.37403917 -0.18526682 -0.90871936 -0.02761768
    0.97465622 -0.22199662 0.98913723 -5.43008372e-003 -0.14689475
    -0.14437735 -0.22364202 -0.96391881 0.09987984 0.78841448 0.60698158
    0.99278098 -0.11968046 -7.90962204e-003 0.06640777 0.60338974
    -0.79467654 -0.07548969 0.90564954 -0.41725314 0.91277868
    -0.10569106 -0.39454335 -0.40141794 -0.41064373 -0.81867903
    -0.04015942 0.99872267 -0.03066316 0.99796265 0.04161368 0.04836188
    0.04957611 -0.02865850 -0.99835908 -0.10381986 0.99087030
    -0.08600842 0.92275786 0.06369196 -0.38008052 -0.37113246
    -0.11882485 -0.92094588 0.12770155 0.89239442 0.43281001 0.98328358
    -0.17101891 0.06249734 0.12979098 0.41759396 -0.89931619
    1.14615355e-003 0.78111482 -0.62438637 0.99017173 -0.08820851
    -0.10853229 -0.13985237 -0.61812532 -0.77353889 0.08270609
    0.99623078 0.02615220 0.90281141 -0.08601137 0.42134732 0.42200857
    -0.01123749 -0.90652221 -0.30478749 0.89514053 0.32531220 0.90214974
    0.16183542 0.39991894 0.30533662 0.41537061 -0.85687619</data></rotation_matrices>
</opencv_storage>
