<?xml version="1.0"?>
<opencv_storage>
<translation_vectors type_id="opencv-matrix">
  <rows>10</rows>
  <cols>3</cols>
  <dt>f</dt>
  <data>
    -10.46165848 -0.71131110 22.71829033 -8.39384747 -1.05227387
    21.80713272 -7.97284698 -2.48264480 10.00971985 -6.08976841
    -1.32388878 13.75084400 -4.67845297 0.12521306 11.88465500
    -4.58292723 0.13072081 15.08142281 -9.99441147 -0.55812281
    9.73337364 -2.80106235 -2.56286621 17.90039444 -5.60807228
    0.47200295 7.23890686 -4.81108999 1.07568669 19.69432640</data></translation_vectors>
</opencv_storage>
